9
11
13
10
20
19
20
8
18
9
10
17
11
11
18
6
5
20
20
9
20
18
12
20
20
6
20
20
12
15
14
20
14
9
13
15
13
11
4
15
18
14
14
20
11
10
20
8
7
10
16
12
10
8
8
17
14
11
19
14
9
12
20
8
6
20
13
13
10
4
5
15
11
8
20
16
8
16
18
6
20
13
20
10
16
20
17
14
8
20
17
14
11
7
20
12
10
18
5
14
17
16
10
14
15
12
18
20
20
15
20
7
20
20
20
20
9
20
9
19
12
20
15
12
16
7
20
5
11
11
19
10
9
14
16
20
7
15
9
20
15
14
17
20
14
12
20
18
20
15
18
17
12
11
16
16
15
20
15
9
8
15
15
10
17
20
14
19
20
11
20
12
11
19
16
12
19
6
5
18
12
9
11
10
9
16
6
6
14
6
12
17
6
19
15
9
11
11
8
10
