0.99999988079071045
-0.8887794017791748
0.82551777362823486
-0.064256787300109863
0.5621415376663208
0.99999988079071045
0.99999988079071045
0.39819109439849854
0.012954235076904297
0.060870647430419922
0.14306354522705078
0.99999988079071045
-1
0.52042365074157715
0.99999988079071045
0.018948554992675781
-0.21175932884216309
0.99999988079071045
0.99999988079071045
0.99999988079071045
0.99999988079071045
-0.66791391372680664
0.99999988079071045
0.99999988079071045
0.99999988079071045
-0.094548463821411133
0.99999988079071045
0.99999988079071045
0.067566871643066406
0.14246451854705811
0.99999988079071045
0.99999988079071045
0.99999988079071045
-0.0014712810516357422
0.99999988079071045
0.99999988079071045
0.99999988079071045
0.99999988079071045
0.26219403743743896
0.99999988079071045
0.59394156932830811
0.99999988079071045
-0.017557978630065918
0.99999988079071045
0.99999988079071045
0.99999988079071045
0.99999988079071045
0.99999988079071045
-1
-1
0.99999988079071045
0.79699456691741943
0.99999988079071045
0.99999988079071045
0.99999988079071045
-0.5980687141418457
0.99999988079071045
0.99999988079071045
0.99999988079071045
0.99999988079071045
0.99999988079071045
0.99999988079071045
0.99999988079071045
0.23585152626037598
0.99999988079071045
-1
0.99999988079071045
0.99999988079071045
0.54140830039978027
-0.29258573055267334
-0.051903009414672852
0.99999988079071045
0.99999988079071045
-0.79498827457427979
0.99999988079071045
0.99999988079071045
0.99999988079071045
0.99999988079071045
0.4816582202911377
-0.16952109336853027
0.99999988079071045
0.64404082298278809
0.99999988079071045
0.99999988079071045
0.51895308494567871
0.99999988079071045
0.99999988079071045
0.99999988079071045
0.2013697624206543
0.99999988079071045
0.99999988079071045
0.99999988079071045
0.99999988079071045
0.99999988079071045
0.99999988079071045
0.19224369525909424
0.03119969367980957
0.049641013145446777
0.95692276954650879
0.53178322315216064
0.99999988079071045
0.99999988079071045
0.99999988079071045
0.99999988079071045
0.20403790473937988
0.99999988079071045
0.99999988079071045
0.99999988079071045
-1
0.99999988079071045
0.99999988079071045
-0.75394654273986816
0.99999988079071045
0.99999988079071045
0.99999988079071045
0.99999988079071045
0.99999988079071045
-0.45310437679290771
0.99999988079071045
0.63980948925018311
-0.19441545009613037
0.99999988079071045
0.99999988079071045
-0.81054067611694336
-0.29109025001525879
0.99999988079071045
0.99999988079071045
-0.16163873672485352
0.45087027549743652
-0.36548447608947754
-0.085028648376464844
0.28576874732971191
0.99999988079071045
0.85403549671173096
0.99999988079071045
0.99999988079071045
0.99999988079071045
0.99999988079071045
0.99999988079071045
0.99999988079071045
0.99999988079071045
0.0049663782119750977
-0.054241538047790527
0.99999988079071045
0.99999988079071045
0.12407469749450684
0.99999988079071045
0.99999988079071045
0.99999988079071045
0.99999988079071045
0.41060268878936768
0.99999988079071045
0.99999988079071045
-0.014221906661987305
0.99999988079071045
0.99999988079071045
0.99999988079071045
0.99999988079071045
0.50938451290130615
0.99999988079071045
0.99999988079071045
0.99999988079071045
0.98870396614074707
0.12462294101715088
0.56384134292602539
0.99999988079071045
-0.33525633811950684
0.99999988079071045
0.99999988079071045
0.99999988079071045
0.99999988079071045
0.99999988079071045
0.99999988079071045
0.99999988079071045
0.99999988079071045
0.99999988079071045
0.99999988079071045
0.99999988079071045
0.60150444507598877
0.99999988079071045
0.23806142807006836
0.99999988079071045
0.99999988079071045
0.99999988079071045
0.26547658443450928
0.99999988079071045
-0.099759459495544434
-0.79380249977111816
0.99999988079071045
-0.59379661083221436
0.99999988079071045
0.99999988079071045
-0.21887576580047607
0.99999988079071045
0.99999988079071045
0.99999988079071045
0.99999988079071045
0.20545303821563721
0.78975546360015869
0.99999988079071045
